0 0.6226851851851852 0.9229166666666667 0.3074074074074074 0.09921875
0 0.7763888888888889 0.8122395833333333 0.09953703703703703 0.06640625
0 0.8574074074074074 0.45989583333333334 0.11898148148148148 0.027083333333333334
0 0.5027777777777778 0.48125 0.09861111111111111 0.028125
0 0.06388888888888888 0.5125 0.12777777777777777 0.0625
0 0.611574074074074 0.37447916666666664 0.06574074074074074 0.019791666666666666
0 0.4824074074074074 0.42864583333333334 0.11388888888888889 0.01953125
0 0.09722222222222222 0.45729166666666665 0.06666666666666667 0.024739583333333332
0 0.8305555555555556 0.3815104166666667 0.05324074074074074 0.013541666666666667
0 0.8777777777777778 0.39765625 0.08796296296296297 0.017447916666666667
0 0.5546296296296296 0.5552083333333333 0.046296296296296294 0.018489583333333334
0 0.5824074074074074 0.4328125 0.04675925925925926 0.017447916666666667