0 0.42962962962962964 0.2375 0.08888888888888889 0.018489583333333334
0 0.5898148148148148 0.30520833333333336 0.2375 0.03229166666666667
0 0.17824074074074073 0.3489583333333333 0.1875 0.0296875
0 0.7157407407407408 0.378125 0.175 0.04375
0 0.9106481481481481 0.4700520833333333 0.1574074074074074 0.03359375
0 0.7092592592592593 0.5078125 0.14074074074074075 0.028125
0 0.9578703703703704 0.5890625 0.08425925925925926 0.028125
0 0.4888888888888889 0.628125 0.37175925925925923 0.05625
0 0.6986111111111111 0.7109375 0.2564814814814815 0.0375
0 0.17962962962962964 0.7421875 0.3592592592592593 0.059375
0 0.6837962962962963 0.7640625 0.2569444444444444 0.033854166666666664
0 0.13287037037037036 0.8515625 0.2657407407407407 0.078125
0 0.6412037037037037 0.125 0.1875 0.0375
0 0.5375 0.21015625 0.17037037037037037 0.0375
0 0.7907407407407407 0.21145833333333333 0.2513888888888889 0.036458333333333336
0 0.9032407407407408 0.296875 0.175 0.0375