0 0.425 0.18958333333333333 0.19675925925925927 0.030989583333333334
0 0.8435185185185186 0.3609375 0.3125 0.071875
0 0.19305555555555556 0.40078125 0.1361111111111111 0.0453125
0 0.5 0.646875 1 0.4125
0 0.6467592592592593 0.9734375 0.425 0.053125
0 0.06388888888888888 0.15625 0.12777777777777777 0.04375
0 0.6273148148148148 0.203125 0.1388888888888889 0.065625
0 0.4634259259259259 0.2234375 0.11342592592592593 0.048177083333333336
0 0.8148148148148148 0.11692708333333333 0.1361111111111111 0.029427083333333333
0 0.0125 0.1375 0.025 0.03125
0 0.2162037037037037 0.25104166666666666 0.10138888888888889 0.032552083333333336